50
0.198697 0.0613696 0.29058 0.991628 0.0693049 0.0190152 0.493276 0.00843367 0.861128 0.741122 0.0632006 0.0199313 0.0301781 0.309886 0.105681 0.196757 0.483403 0.492009 0.869712 0.584182 0.954541 0.828805 0.663176 0.106328 0.0585708 0.903792 0.725703 0.880789 0.293132 0.54487 0.456265 0.107836 0.423357 0.900984 0.440687 0.255312 0.638523 0.704751 0.617169 0.79323 0.956158 0.205403 0.288703 0.613264 0.359082 0.446052 0.717402 0.161428 0.580448 0.054266
0.699287 0.199642 0.976274 0.665521 0.859792 0.185831 0.891286 0.0102675 0.966176 0.648281 0.0324692 0.754838 0.162239 0.742583 0.508566 0.981961 0.597429 0.518926 0.963843 0.814891 0.520287 0.427778 0.0579466 0.184992 0.489337 0.229775 0.965299 0.288814 0.443202 0.398306 0.707621 0.179262 0.197513 0.272854 0.00505567 0.450432 0.725139 0.0223882 0.0210246 0.93918 0.56819 0.663867 0.804446 0.839652 0.953767 0.038241 0.570857 0.841742 0.389385 0.963137
0.499606 0.199635 0.033491 0.671828 0.240977 0.840501 0.858434 0.778349 0.456753 0.457893 0.165219 0.333235 0.433214 0.415149 0.787432 0.24654 0.101274 0.473957 0.723015 0.211397 0.096612 0.556582 0.374409 0.700621 0.87785 0.654817 0.41929 0.508187 0.631905 0.952107 0.646027 0.672481 0.837424 0.476528 0.86669 0.729087 0.634046 0.691978 0.0659363 0.831552 0.0877611 0.636317 0.992454 0.685529 0.301221 0.347813 0.382922 0.712519 0.685958 0.0938507
0.980963 0.207875 0.882794 0.171916 0.0467787 0.717654 0.151473 0.601487 0.895935 0.865697 0.962834 0.945162 0.196267 0.868994 0.360664 0.174379 0.564181 0.754595 0.0897974 0.0966152 0.111154 0.696983 0.619975 0.131866 0.882245 0.349367 0.391642 0.886034 0.0535279 0.716754 0.765829 0.686063 0.461705 0.932786 0.289883 0.515318 0.274468 0.231858 0.856736 0.0737749 0.257174 0.25729 0.250116 0.149172 0.808094 0.31356 0.611966 0.343001 0.457599 0.635896
0.972587 0.555246 0.0505062 0.261867 0.302293 0.943572 0.496546 0.224916 0.226879 0.212566 0.86055 0.287177 0.83508 0.558989 0.461007 0.27474 0.862812 0.294976 0.290775 0.137851 0.170429 0.863871 0.135583 0.0307924 0.764571 0.962259 0.0686238 0.280973 0.845411 0.625296 0.0817877 0.212942 0.889853 0.182043 0.745599 0.195912 0.401836 0.615352 0.290787 0.454094 0.411485 0.025835 0.97761 0.233933 0.585239 0.0543143 0.575245 0.608715 0.389985 0.539426
0.0179314 0.506143 0.741913 0.75161 0.234697 0.809596 0.658263 0.105129 0.979709 0.528941 0.932845 0.275412 0.861144 0.544871 0.638998 0.936272 0.784956 0.65848 0.710186 0.490245 0.512628 0.591096 0.270168 0.880131 0.50373 0.735484 0.423913 0.843414 0.970821 0.652414 0.235605 0.203612 0.647005 0.802967 0.335358 0.285038 0.208287 0.34589 0.298203 0.513263 0.0686238 0.0279101 0.0619 0.241632 0.309102 0.460298 0.142493 0.74785 0.291483 0.645216
0.697219 0.0322427 0.489943 0.44699 0.298586 0.584488 0.320133 0.391146 0.921134 0.577803 0.491655 0.385033 0.37241 0.778752 0.264999 0.674757 0.505123 0.168676 0.825024 0.575154 0.00241598 0.0068369 0.819454 0.0185568 0.173607 0.139568 0.282023 0.386646 0.340352 0.996616 0.590984 0.493208 0.621684 0.255412 0.390039 0.229111 0.0283781 0.345113 0.835353 0.487979 0.944862 0.990997 0.54813 0.228571 0.584731 0.447551 0.269844 0.744126 0.0665882 0.553822
0.0807164 0.647733 0.99531 0.112459 0.587428 0.679213 0.230488 0.723214 0.0473797 0.990362 0.985302 0.265634 0.0792009 0.546061 0.310649 0.440476 0.111894 0.359458 0.108521 0.668205 0.828358 0.683421 0.237132 0.799231 0.842879 0.158629 0.957567 0.453169 0.690757 0.546787 0.509186 0.67259 0.476981 0.575879 0.775544 0.0239538 0.0484164 0.993204 0.339118 0.0616838 0.724237 0.999374 0.509553 0.156632 0.0331542 0.609155 0.694809 0.028739 0.66835 0.682983
0.768645 0.116613 0.112754 0.495776 0.674296 0.7463 0.386129 0.307145 0.503186 0.976571 0.265776 0.675719 0.366729 0.873963 0.313592 0.974521 0.78945 0.451218 0.472578 0.650123 0.686201 0.336108 0.880878 0.355543 0.73044 0.271033 0.0746088 0.939304 0.662709 0.515376 0.86603 0.337666 0.48396 0.214638 0.410204 0.768341 0.461291 0.382061 0.980316 0.42248 0.280951 0.501135 0.311676 0.0950288 0.0730652 0.0681625 0.945735 0.0821786 0.913991 0.328281
0.849506 0.836238 0.449156 0.487729 0.21089 0.766944 0.343758 0.141873 0.0723819 0.692993 0.202522 0.391684 0.603485 0.615422 0.739246 0.176465 0.686924 0.594328 0.457647 0.941437 0.522005 0.833462 0.283669 0.34425 0.00974213 0.269461 0.0577155 0.249443 0.450176 0.869675 0.188831 0.951152 0.66829 0.287295 0.967403 0.20415 0.885934 0.680708 0.65936 0.25375 0.681485 0.172661 0.825377 0.0576336 0.913722 0.580553 0.173412 0.0984991 0.29095 0.346661
0.663551 0.93264 0.998855 0.767354 0.113791 0.387293 0.217336 0.421794 0.572604 0.532369 0.246268 0.28185 0.312303 0.16017 0.430362 0.520933 0.860011 0.72163 0.151945 0.766276 0.254198 0.570354 0.483047 0.14144 0.761654 0.0866474 0.732842 0.372948 0.74777 0.636699 0.189978 0.75325 0.0713495 0.0791424 0.705793 0.243349 0.423808 0.127666 0.537439 0.399303 0.926867 0.121395 0.0376437 0.942417 0.342865 0.0764951 0.425361 0.0240895 0.121494 0.222243
0.443828 0.71534 0.988913 0.976511 0.654462 0.310243 0.337975 0.517205 0.183256 0.421947 0.650216 0.259084 0.784507 0.370431 0.816376 0.108498 0.191029 0.446715 0.59595 0.560962 0.687089 0.415125 0.10183 0.32358 0.596521 0.294408 0.116582 0.424387 0.28268 0.56431 0.977954 0.748113 0.732607 0.703921 0.019666 0.518816 0.0767239 0.807915 0.94985 0.6056 0.738623 0.0871061 0.0482765 0.640189 0.075367 0.295204 0.79918 0.656814 0.770077 0.820981
0.751213 0.809769 0.166807 0.530844 0.191217 0.978735 0.00606332 0.868605 0.863677 0.484371 0.178916 0.352993 0.590587 0.114921 0.506138 0.956223 0.633654 0.90557 0.636393 0.0639383 0.802907 0.14129 0.261651 0.380033 0.407929 0.578627 0.681696 0.201766 0.289515 0.0361779 0.695586 0.732819 0.0408424 0.214342 0.218534 0.953025 0.727672 0.747015 0.644292 0.968446 0.186651 0.740596 0.419395 0.717663 0.710973 0.658343 0.487103 0.869839 0.402203 0.219829
0.69931 0.271177 0.515736 0.252646 0.952932 0.488658 0.140929 0.188303 0.699493 0.494404 0.687695 0.438894 0.838716 0.858824 0.419986 0.86749 0.588303 0.841342 0.90572 0.935544 0.648398 0.806309 0.669479 0.819061 0.724761 0.451942 0.159326 0.99657 0.793855 0.084712 0.0889649 0.856286 0.410503 0.459353 0.904571 0.846831 0.52476 0.0983572 0.669941 0.331655 0.782765 0.963793 0.0519511 0.679198 0.732282 0.397146 0.152213 0.97366 0.953187 0.268508
0.302343 0.857336 0.815091 0.557963 0.322587 0.713505 0.311669 0.469844 0.353905 0.571173 0.0566968 0.490012 0.450653 0.974052 0.994131 0.944647 0.808253 0.309286 0.318499 0.958176 0.854572 0.210056 0.391335 0.869065 0.611063 0.867435 0.221225 0.786222 0.436188 0.492032 0.805748 0.111111 0.751367 0.596826 0.0918245 0.236775 0.432098 0.47951 0.802528 0.2691 0.853981 0.554116 0.478882 0.812117 0.424737 0.538047 0.646428 0.0481455 0.8068 0.217863
0.0188451 0.745551 0.228634 0.583466 0.499682 0.464798 0.0830943 0.688123 0.333516 0.469922 0.116293 0.171156 0.506654 0.177526 0.820106 0.233988 0.912021 0.49673 0.899435 0.273065 0.132665 0.330963 0.64043 0.145167 0.661695 0.475136 0.897197 0.370256 0.264495 0.703156 0.241143 0.202142 0.927745 0.179372 0.539747 0.0640836 0.678864 0.556211 0.67066 0.874874 0.964359 0.125935 0.919552 0.922799 0.824433 0.209175 0.703553 0.306944 0.383267 0.544617
0.88981 0.167335 0.212374 0.806147 0.79687 0.713247 0.0458133 0.237578 0.144914 0.284747 0.753993 0.208169 0.313817 0.340506 0.106283 0.335165 0.69109 0.772116 0.407658 0.452375 0.652066 0.650343 0.192164 0.97136 0.27236 0.446007 0.407129 0.0112895 0.246409 0.926435 0.819767 0.491663 0.236319 0.334664 0.381539 0.171833 0.42326 0.902034 0.78906 0.44856 0.705394 0.144917 0.306323 0.753531 0.733922 0.95892 0.686531 0.609092 0.136004 0.0711979
0.822407 0.641855 0.219425 0.502425 0.0978575 0.222733 0.661435 0.274151 0.0322608 0.531145 0.0799382 0.111511 0.324775 0.845045 0.585966 0.928985 0.358073 0.723267 0.834043 0.800283 0.0764475 0.229027 0.234575 0.217034 0.848768 0.84899 0.388154 0.613409 0.604351 0.83196 0.0075543 0.128588 0.640677 0.844108 0.866228 0.025801 0.65962 0.82847 0.716984 0.881653 0.900657 0.427984 0.215283 0.0381635 0.245549 0.252435 0.418552 0.221211 0.116459 0.999349
0.458618 0.491137 0.326824 0.679594 0.107601 0.524179 0.945024 0.790487 0.659108 0.374034 0.441379 0.567248 0.586185 0.840613 0.644934 0.739485 0.176001 0.0882176 0.643622 0.267108 0.374219 0.0752184 0.399219 0.65491 0.520845 0.881231 0.297158 0.948542 0.0502081 0.69927 0.641585 0.264799 0.941531 0.852001 0.0766613 0.772982 0.894939 0.986837 0.238522 0.493227 0.529666 0.677029 0.414722 0.841571 0.826978 0.30019 0.402576 0.130954 0.714182 0.943937
0.427329 0.90465 0.288773 0.429827 0.214844 0.156016 0.731728 0.39019 0.887163 0.480976 0.931683 0.727986 0.837203 0.537273 0.581565 0.953257 0.544656 0.399618 0.806876 0.732687 0.268562 0.838898 0.305123 0.32071 0.925805 0.387932 0.816902 0.0611646 0.669038 0.798244 0.0239884 0.896275 0.851323 0.00419684 0.629622 0.998311 0.10511 0.272332 0.599634 0.736443 0.240152 0.769927 0.0541902 0.278883 0.50011 0.519825 0.954615 0.542059 0.349982 0.365704
0.583305 0.507935 0.596767 0.160574 0.788376 0.80201 0.562346 0.488565 0.247303 0.386094 0.178699 0.0227226 0.770116 0.824378 0.079144 0.970966 0.586219 0.367019 0.12311 0.470992 0.878454 0.228692 0.905581 0.509723 0.190999 0.244653 0.469523 0.772457 0.543213 0.376466 0.10107 0.054973 0.861202 0.462091 0.263155 0.854726 0.772728 0.104281 0.168661 0.901232 0.990465 0.239966 0.964288 0.34353 0.184834 0.588801 0.0869258 0.637574 0.421944 0.565241
0.630586 0.82137 0.775528 0.344713 0.282574 0.97909 0.905982 0.170768 0.697771 0.946534 0.846918 0.77867 0.787609 0.393677 0.888362 0.793878 0.0032223 0.783362 0.575962 0.467015 0.70961 0.758413 0.0862118 0.0853424 0.247161 0.705165 0.669733 0.237919 0.15823 0.075557 0.502518 0.663116 0.192596 0.645795 0.234546 0.294614 0.602729 0.292733 0.777926 0.555214 0.057604 0.0911945 0.140591 0.237044 0.818309 0.0797018 0.728415 0.713695 0.654656 0.786241
0.379165 0.960034 0.708658 0.521034 0.360702 0.11254 0.157752 0.689356 0.549329 0.290697 0.638471 0.679565 0.236353 0.605587 0.66929 0.596982 0.655223 0.853994 0.22976 0.946435 0.0731131 0.621545 0.0314784 0.849511 0.12304 0.296481 0.338538 0.12952 0.239888 0.343103 0.644428 0.835347 0.133262 0.532288 0.89671 0.115688 0.447957 0.403418 0.175895 0.459327 0.088473 0.696323 0.83472 0.361064 0.29646 0.254332 0.757122 0.694112 0.647492 0.322492
0.829618 0.0127031 0.600984 0.382618 0.422079 0.307419 0.392693 0.623937 0.339192 0.963754 0.298957 0.98377 0.981678 0.742588 0.362874 0.54508 0.957271 0.390006 0.614168 0.206111 0.639051 0.913213 0.0920513 0.546065 0.0953569 0.934546 0.553394 0.0864795 0.372146 0.468059 0.752347 0.054229 0.0827189 0.688315 0.42625 0.692634 0.922528 0.863472 0.272638 0.624354 0.644241 0.865195 0.870399 0.403544 0.709454 0.240947 0.657044 0.0949762 0.773926 0.371862
0.399153 0.0322725 0.853514 0.699474 0.313983 0.680599 0.455411 0.369934 0.568822 0.0661268 0.171465 0.0688036 0.437497 0.427024 0.999567 0.832945 0.942944 0.396118 0.496823 0.877587 0.606614 0.991193 0.240374 0.743052 0.649722 0.680292 0.68999 0.601361 0.312014 0.186608 0.877021 0.422195 0.876258 0.318207 0.683087 0.400673 0.514971 0.107772 0.729283 0.780217 0.0518541 0.182623 0.596019 0.864382 0.570113 0.293694 0.955524 0.369185 0.444141 0.365038
0.035567 0.0619183 0.42744 0.112501 0.344533 0.768933 0.9743 0.702562 0.9623 0.523224 0.345932 0.394075 0.0680869 0.529538 0.322237 0.484686 0.5345 0.648157 0.349025 0.49646 0.439734 0.710836 0.442013 0.905206 0.723795 0.986376 0.311623 0.718197 0.520278 0.833831 0.329394 0.689794 0.897204 0.532942 0.466285 0.817594 0.175478 0.811475 0.331992 0.824473 0.811775 0.150158 0.73703 0.357391 0.32415 0.7141 0.716019 0.345812 0.57259 0.494134
0.392685 0.723192 0.404327 0.633878 0.661843 0.127183 0.697984 0.33189 0.811113 0.427174 0.883098 0.721605 0.61203 0.1438 0.182138 0.00637319 0.471955 0.639632 0.0699122 0.859197 0.430074 0.122549 0.0330009 0.0664536 0.885669 0.279225 0.137669 0.765518 0.617214 0.00306699 0.957997 0.809382 0.189406 0.259217 0.541443 0.125115 0.270142 0.388274 0.102773 0.434802 0.00471527 0.116974 0.543111 0.380254 0.732597 0.4991 0.821893 0.245849 0.846948 0.141678
0.554565 0.52384 0.152097 0.985326 0.584557 0.626828 0.476684 0.639447 0.827665 0.224568 0.92904 0.320918 0.351903 0.956193 0.441601 0.371398 0.486986 0.826956 0.743971 0.919375 0.596734 0.975615 0.616183 0.116747 0.966497 0.211862 0.0791595 0.313884 0.48933 0.345636 0.618634 0.893018 0.487929 0.0969586 0.559199 0.740333 0.874814 0.516885 0.847769 0.665307 0.145774 0.38184 0.960305 0.3397 0.748154 0.419105 0.89091 0.663077 0.212502 0.801524
0.799045 0.240905 0.0558896 0.613676 0.449996 0.741966 0.539461 0.978199 0.394376 0.457024 0.993893 0.87537 0.0605921 0.614179 0.788435 0.937195 0.311553 0.927142 0.216645 0.0130283 0.331651 0.653044 0.458777 0.677324 0.854537 0.530088 0.762902 0.0369611 0.590555 0.0379078 0.587086 0.640439 0.727529 0.312931 0.445297 0.0587196 0.336047 0.789159 0.580366 0.798026 0.155277 0.89182 0.533032 0.927439 0.332859 0.400061 0.826519 0.908849 0.899685 0.844214
0.962495 0.287425 0.82081 0.561443 0.909213 0.745053 0.357059 0.815847 0.0706691 0.0320691 0.0375967 0.426594 0.770632 0.474585 0.906117 0.0531069 0.700155 0.89756 0.425199 0.67834 0.889452 0.413411 0.199986 0.241921 0.802202 0.219707 0.466324 0.676157 0.39447 0.364567 0.895917 0.297311 0.718781 0.615442 0.843975 0.0247181 0.808135 0.120639 0.214744 0.567103 0.0944426 0.507111 0.280766 0.769169 0.282824 0.237917 0.120672 0.663158 0.353137 0.13898
0.845376 0.101196 0.620842 0.0917672 0.91255 0.781738 0.327581 0.280144 0.521876 0.960278 0.0327201 0.363177 0.843955 0.478291 0.0179235 0.347959 0.230705 0.28483 0.85898 0.495602 0.172417 0.894828 0.0217383 0.35172 0.303002 0.727076 0.822611 0.716805 0.387544 0.281951 0.851426 0.76767 0.863228 0.500275 0.674442 0.0261984 0.980747 0.786079 0.691203 0.947914 0.942699 0.392255 0.185905 0.498843 0.72534 0.340765 0.559164 0.974112 0.683634 0.724425
0.258273 0.849246 0.723524 0.819848 0.460419 0.48122 0.0315303 0.599663 0.482698 0.523086 0.0433506 0.299034 0.551409 0.410949 0.942714 0.190178 0.655087 0.785158 0.834581 0.502599 0.340345 0.24061 0.430096 0.564816 0.970677 0.213409 0.690198 0.903082 0.348417 0.438357 0.492695 0.552458 0.0772467 0.149651 0.502172 0.667351 0.669794 0.924123 0.0499853 0.278437 0.758196 0.791977 0.520456 0.289121 0.606548 0.153819 0.266756 0.991638 0.842033 0.318872
0.986992 0.501462 0.846365 0.762885 0.543377 0.581957 0.436878 0.896437 0.352443 0.713213 0.417388 0.558243 0.856355 0.477247 0.910681 0.329426 0.21637 0.597788 0.0476506 0.459065 0.310604 0.384157 0.419503 0.704352 0.988261 0.686307 0.766578 0.953456 0.56634 0.643437 0.70975 0.977968 0.238019 0.13711 0.467568 0.603057 0.75244 0.441223 0.195505 0.697725 0.579204 0.54224 0.916315 0.408057 0.55436 0.165319 0.0887988 0.524883 0.30469 0.724445
0.211418 0.728249 0.650598 0.641703 0.894651 0.869592 0.445644 0.912405 0.434573 0.835959 0.472663 0.798193 0.169239 0.577905 0.069071 0.0344374 0.10071 0.136607 0.818084 0.412102 0.783653 0.386802 0.932455 0.947358 0.680356 0.0872929 0.860191 0.283483 0.943282 0.867681 0.67195 0.367645 0.146862 0.84273 0.969283 0.40422 0.646364 0.0514418 0.842487 0.70474 0.1314 0.67189 0.693303 0.46921 0.230728 0.700268 0.0848321 0.0933067 0.588823 0.878609
0.800128 0.430267 0.0698412 0.591387 0.235871 0.146239 0.754342 0.346115 0.437576 0.238418 0.0992779 0.357137 0.202993 0.296047 0.268026 0.788909 0.531892 0.65552 0.569119 0.231106 0.818339 0.893199 0.939271 0.770175 0.327876 0.823302 0.578053 0.197569 0.0887789 0.82972 0.840058 0.517318 0.0564929 0.0875278 0.501602 0.823415 0.388975 0.604771 0.0349933 0.183006 0.880553 0.596495 0.281031 0.889486 0.370802 0.468972 0.693929 0.705855 0.463148 0.81524
0.862701 0.214658 0.0558695 0.4542 0.320049 0.677563 0.218174 0.895359 0.540857 0.527193 0.653986 0.480843 0.576673 0.970959 0.428376 0.121286 0.0898549 0.0300552 0.391733 0.995876 0.746614 0.72892 0.519906 0.780746 0.523569 0.0332605 0.508254 0.448386 0.405049 0.373233 0.672712 0.840209 0.448068 0.506931 0.580231 0.325604 0.391859 0.842918 0.954914 0.628575 0.578504 0.582774 0.0358122 0.399491 0.995362 0.648448 0.0679441 0.180074 0.476271 0.397562
0.821245 0.694405 0.0633556 0.634753 0.537286 0.361282 0.100418 0.7943 0.616603 0.0504348 0.698423 0.217469 0.178192 0.891975 0.735645 0.36633 0.0135198 0.0432931 0.436095 0.125609 0.369717 0.363858 0.330264 0.931641 0.400094 0.941583 0.0514318 0.882202 0.0520907 0.284609 0.768144 0.660122 0.716292 0.11133 0.883189 0.624679 0.24707 0.636714 0.361498 0.391466 0.0117663 0.769055 0.400595 0.515155 0.486321 0.490872 0.663769 0.238054 0.352964 0.96007
0.897851 0.667728 0.300843 0.224949 0.692106 0.113748 0.817327 0.168854 0.0959403 0.307832 0.833946 0.579112 0.634197 0.766078 0.621912 0.678577 0.502298 0.245887 0.0855232 0.933768 0.0123109 0.11746 0.719585 0.228236 0.447258 0.901019 0.41389 0.716775 0.221242 0.0495506 0.939705 0.388645 0.336532 0.901323 0.159404 0.775761 0.351466 0.442862 0.680782 0.900446 0.788047 0.360639 0.993859 0.770688 0.70134 0.0534617 0.440796 0.198584 0.446258 0.588547
0.878256 0.624702 0.533811 0.299299 0.272721 0.692447 0.0459484 0.66643 0.43497 0.499808 0.76151 0.429349 0.573517 0.252219 0.67178 0.835861 0.833122 0.539005 0.529534 0.0626286 0.269546 0.74987 0.48396 0.18596 0.387671 0.958705 0.172501 0.310145 0.482384 0.902342 0.752194 0.70644 0.00172736 0.768703 0.242241 0.000673274 0.163481 0.0403976 0.978223 0.461052 0.571969 0.82861 0.159627 0.761297 0.830902 0.756117 0.827419 0.688182 0.87089 0.945516
0.572276 0.0626414 0.135936 0.122898 0.246096 0.40865 0.248954 0.546288 0.986562 0.762891 0.232499 0.249917 0.363895 0.92139 0.794357 0.643245 0.536172 0.475131 0.0488847 0.645304 0.555098 0.434721 0.830698 0.130051 0.169587 0.0520463 0.557038 0.161869 0.0146543 0.2944 0.843551 0.746875 0.871222 0.660944 0.816206 0.998797 0.68947 0.0337532 0.267788 0.405593 0.0655993 0.229956 0.132905 0.154924 0.209599 0.75636 0.685408 0.868051 0.132313 0.593703
0.190731 0.654166 0.691243 0.435664 0.32459 0.627518 0.190677 0.327661 0.168419 0.0357316 0.884434 0.280296 0.940088 0.831099 0.473867 0.863766 0.711933 0.0855326 0.795662 0.799305 0.00859496 0.485016 0.618599 0.061467 0.865278 0.0800078 0.221095 0.402853 0.0161023 0.987955 0.603842 0.0815865 0.506819 0.0556658 0.908385 0.319927 0.471316 0.362573 0.491411 0.252481 0.889869 0.268508 0.202147 0.288235 0.258785 0.839372 0.283764 0.176433 0.332487 0.0627258
0.779225 0.80994 0.579324 0.35219 0.332177 0.357167 0.160482 0.27566 0.791807 0.727058 0.0838359 0.156352 0.508265 0.906034 0.634845 0.825161 0.975053 0.172238 0.737421 0.0955512 0.514152 0.287349 0.926794 0.694345 0.852911 0.43212 0.431945 0.427588 0.233572 0.503886 0.866027 0.853785 0.754979 0.242253 0.555393 0.686525 0.455789 0.936934 0.545326 0.991206 0.27451 0.186122 0.13557 0.329333 0.979238 0.62577 0.599969 0.788009 0.219937 0.810664
0.242581 0.446956 0.794914 0.012613 0.915573 0.340074 0.313918 0.823709 0.248612 0.539923 0.0253514 0.684057 0.402783 0.986642 0.616761 0.163785 0.121353 0.422295 0.993373 0.491317 0.99678 0.801641 0.149035 0.737525 0.330399 0.121175 0.0969269 0.961117 0.527238 0.768441 0.556563 0.699589 0.210715 0.396321 0.317539 0.596674 0.714616 0.66132 0.0678472 0.364615 0.711261 0.706213 0.853273 0.639114 0.580051 0.971091 0.667276 0.786124 0.171396 0.344798
0.530748 0.786442 0.73267 0.141882 0.296991 0.924597 0.490285 0.337394 0.964295 0.152999 0.662505 0.653994 0.604557 0.489373 0.874044 0.131549 0.938472 0.222715 0.0338994 0.36664 0.0338128 0.231902 0.975408 0.574042 0.155327 0.704011 0.878082 0.7703 0.027624 0.659505 0.686431 0.270598 0.704717 0.588989 0.344136 0.723641 0.299032 0.0229832 0.837827 0.349084 0.716194 0.37764 0.023182 0.1597 0.964491 0.559455 0.676011 0.534205 0.0783678 0.820098
0.249738 0.915138 0.395355 0.318743 0.848973 0.724987 0.743176 0.355069 0.571742 0.16481 0.711414 0.612307 0.102351 0.592301 0.0629001 0.466921 0.167572 0.150611 0.0611321 0.943072 0.217543 0.590492 0.553669 0.797486 0.315118 0.937976 0.648879 0.657431 0.0102428 0.867948 0.370916 0.423376 0.06216 0.64551 0.250536 0.881485 0.00932347 0.274695 0.088908 0.914639 0.541501 0.208976 0.725332 0.437628 0.280692 0.216227 0.189291 0.254604 0.948479 0.232711
0.500367 0.262617 0.985712 0.961248 0.133216 0.648012 0.150451 0.29605 0.176249 0.652134 0.128617 0.503145 0.886087 0.911159 0.834201 0.899944 0.488965 0.413966 0.413836 0.891895 0.102255 0.475664 0.663624 0.391688 0.916882 0.47881 0.967163 0.689028 0.611625 0.618877 0.501615 0.204992 0.00912562 0.005308 0.834429 0.934599 0.944332 0.926938 0.636074 0.00774545 0.100464 0.598099 0.050145 0.343494 0.477242 0.5724 0.479222 0.514744 0.795993 0.42196
0.3627 0.977591 0.255569 0.288743 0.693906 0.380911 0.312062 0.0921161 0.720243 0.967668 0.142533 0.133743 0.882547 0.164792 0.0730827 0.807648 0.957453 0.00137848 0.788825 0.925922 0.520523 0.0116948 0.91641 0.722944 0.836297 0.527805 0.484616 0.1278 0.654117 0.000490837 0.444621 0.847046 0.151125 0.710415 0.666017 0.770515 0.635785 0.201607 0.782989 0.333437 0.540174 0.844401 0.462516 0.370499 0.179297 0.302122 0.027201 0.420611 0.0256133 0.572484
0.108844 0.000485169 0.54934 0.917913 0.378472 0.766545 0.56492 0.309364 0.576555 0.616131 0.456407 0.173757 0.0756328 0.906627 0.143847 0.447712 0.0242484 0.00367579 0.688793 0.219826 0.13629 0.490173 0.268573 0.325403 0.554399 0.973779 0.254909 0.901728 0.113789 0.189212 0.968425 0.0707551 0.538932 0.959088 0.00151143 0.41522 0.10618 0.935299 0.0579859 0.391445 0.764066 0.763295 0.0406081 0.948345 0.564552 0.150309 0.936497 0.0277417 0.590483 0.698348
0.628078 0.717047 0.166565 0.721917 0.328371 0.433974 0.0268928 0.143117 0.588099 0.814449 0.535898 0.998598 0.413402 0.701494 0.347508 0.297979 0.223287 0.155427 0.291044 0.533951 0.517756 0.404154 0.595892 0.0430514 0.565589 0.719655 0.25098 0.434237 0.164281 0.546089 0.996324 0.0708085 0.699319 0.201787 0.153448 0.785573 0.288577 0.925159 0.902745 0.0900718 0.0546526 0.334688 0.402235 0.297561 0.87509 0.329576 0.383661 0.394112 0.838789 0.661508
0.0245284 0.801136 0.916087 0.0963288 0.00833704 0.461525 0.215384 0.904278 0.0681307 0.501048 0.168563 0.940939 0.495348 0.95022 0.73988 0.450004 0.36343 0.960846 0.856777 0.607874 0.355063 0.421102 0.957703 0.354404 0.667169 0.628053 0.520981 0.907686 0.454856 0.517147 0.779891 0.632689 0.934442 0.516176 0.108484 0.132717 0.681285 0.743145 0.622178 0.242902 0.321305 0.89132 0.574968 0.106983 0.332047 0.636607 0.542236 0.886388 0.402503 0.205754
