50
11.534141 10.775452 11.540057 10.978017 9.877675 11.470457 8.305329 10.128859 11.083434 11.982319 9.317717 10.427136 11.724522 13.251690 10.841658 12.553348 11.576370 10.206348 11.747882 11.834377 10.122130 10.502378 9.823766 10.079486 12.280183 10.638960 10.502876 11.570946 9.886134 10.711123 12.748263 10.049702 9.958590 9.775975 11.059137 9.757291 11.675673 10.880261 11.312021 11.805832 10.684820 10.768931 9.131777 10.717038 11.219601 9.384938 10.752697 10.279811 11.596501 10.877697 
13.718482 12.123954 11.960906 11.456189 8.866552 13.648011 9.822273 11.419312 12.301314 12.510619 11.463481 11.882114 11.708498 15.110286 12.974460 13.174279 12.690258 11.647802 11.383500 12.911542 10.170153 12.511985 10.995295 11.235005 12.905634 13.023921 10.374277 12.443780 9.500489 13.014008 14.467150 12.164393 12.395619 11.127659 11.921027 10.750396 11.159065 13.064730 12.838609 11.640287 11.503235 11.579178 10.240614 10.631872 12.551250 10.243809 12.921455 11.150555 12.042473 12.254127 
13.058051 12.734294 12.576767 12.832272 9.600254 13.473491 9.387106 12.011394 12.899145 13.420931 11.608433 11.662900 11.646974 15.081095 12.902866 13.749242 11.744571 11.107600 12.191100 13.163211 10.898705 11.995557 11.184666 10.720123 14.922813 12.258671 11.869532 12.680907 10.561041 12.213238 14.444334 12.335585 11.689726 10.486636 11.530279 10.788256 11.667925 12.688216 13.171386 12.299321 10.921025 12.387013 10.320537 11.797487 13.355240 10.253643 12.907967 11.079405 12.614426 13.425157 
15.033342 13.383911 13.768101 13.324681 12.374523 14.714682 11.879000 11.448449 13.470749 14.334499 12.075291 11.832218 13.563906 16.246107 13.761700 14.707508 14.005320 11.746210 14.052534 16.298343 11.983130 14.903469 11.828909 12.769825 15.483127 15.135418 12.288720 14.432445 11.320443 14.593254 16.732670 13.994108 12.555450 12.256134 14.375720 13.027134 13.295521 14.042500 14.113181 13.983151 14.644389 12.884308 12.325415 13.433168 14.634376 11.892665 15.164678 11.757841 13.449850 14.098798 
14.625941 14.981811 15.595388 14.768719 12.903622 15.904421 11.999919 13.604908 15.220682 14.855050 13.456692 12.637300 14.482742 17.628479 15.630931 15.731699 13.988837 13.442095 14.646835 17.361739 12.708766 14.156093 13.175010 14.915469 17.170054 14.245134 14.177262 15.885645 12.000570 15.546903 16.809027 15.114322 13.459521 13.120371 15.150534 14.296615 13.582360 14.431629 14.529097 15.471406 14.243446 13.243047 12.554686 13.542771 14.422322 12.829193 14.193629 13.972346 14.360802 14.069914 
11.560542 10.618398 10.946881 11.153551 9.958385 12.814899 9.007413 11.324181 11.384048 11.364392 9.813186 9.975765 10.007936 14.024976 11.019809 11.675188 10.912333 9.853935 11.170158 11.930974 10.096612 11.168790 11.078358 11.386508 12.866111 12.254448 10.771538 12.480514 8.661920 10.638018 13.913184 10.821633 11.337931 10.690133 10.488155 11.406018 11.023731 11.975781 11.102711 12.575946 11.031473 11.682874 11.759887 11.197159 11.607813 9.132565 11.282792 10.188823 11.309324 11.008345 
16.171759 13.721019 14.200381 14.051917 12.322058 15.368334 11.697489 14.299569 14.593768 14.818544 12.073017 13.195116 14.077835 17.641366 15.146335 14.064683 14.665727 13.261338 13.939383 15.658025 14.110805 14.915173 13.560307 14.069037 15.509003 14.475561 12.878805 16.155447 11.356716 15.369600 18.072138 15.179282 15.012784 12.681003 14.017801 15.019225 14.074374 15.529474 14.429979 14.643114 14.898537 13.957694 13.037366 13.999044 15.315234 12.624720 15.680747 13.106659 14.562524 13.775587 
14.143957 13.392754 12.379602 13.394462 11.694380 15.580832 10.638643 12.096865 14.467430 13.748855 12.597658 11.931854 13.894171 16.350797 13.899387 13.705474 13.950426 11.655746 13.780604 14.659976 11.415154 13.605247 13.501117 11.906093 16.115848 13.801135 12.418592 14.614461 11.627026 13.057410 15.311697 13.410722 13.573697 11.732932 13.460158 13.326740 12.851838 12.865333 14.365885 14.049434 12.216277 12.741387 11.158282 12.003622 14.459538 10.747833 13.346466 12.839275 13.531311 13.745105 
14.328040 12.685284 12.916417 12.807381 10.742337 14.541198 9.435288 11.868456 12.453177 13.175651 11.242043 10.836136 13.517057 15.387978 13.374895 13.997551 14.256628 12.415879 12.633233 14.028609 11.450657 13.144101 12.041199 12.023648 14.444991 11.917618 11.756208 12.885340 10.616789 13.424780 14.831036 12.808825 12.381409 11.526092 13.650499 12.329400 12.904182 12.913343 12.916098 12.541660 12.419912 11.885838 10.331157 11.684533 12.367391 10.987156 12.884612 12.613307 12.195586 12.292693 
12.156886 11.964946 12.767654 11.739425 9.805133 13.756749 9.976092 11.899190 11.552301 12.138359 11.191675 10.985596 12.342223 15.467729 14.229089 12.972719 11.597705 11.487772 12.192454 13.745538 10.915528 12.645670 11.119337 11.893965 13.409924 12.065372 11.105605 12.419823 9.963402 12.851528 13.844103 12.378550 12.647375 10.274254 12.398413 11.666431 11.867019 12.422131 12.646162 11.864074 11.521363 11.571076 11.037924 10.245270 11.601143 10.842243 12.688231 11.793790 11.506298 12.394907 
15.286527 12.910294 13.769442 12.795931 12.328135 14.496349 10.211653 13.279419 12.850980 13.804409 11.673559 12.865773 12.723983 16.162842 13.958406 13.804444 12.407028 13.148350 13.535865 14.738739 12.781124 13.690508 11.552991 12.750829 14.611417 13.077188 12.016841 14.416996 10.387013 13.924887 16.928988 14.241306 12.009860 11.729626 12.869445 11.935486 12.847467 13.540503 13.690820 13.550680 13.525264 13.635436 11.364568 12.996404 13.760707 11.569417 13.823783 13.140792 13.901359 13.189621 
15.586705 14.000713 13.081080 13.226011 12.908552 15.434478 11.306961 13.416474 14.135779 14.753701 13.556842 13.152362 13.598861 17.970816 14.260403 14.270597 13.667158 11.684288 13.908111 16.503206 12.164529 14.910971 13.312480 12.452607 15.598315 14.769412 12.795977 14.828786 11.671488 14.064049 16.916037 14.366493 14.099176 12.962192 14.952405 13.194696 13.571231 14.426105 15.300905 14.987880 13.975673 14.166975 13.705942 12.893597 15.056325 12.030319 15.088248 12.643411 14.402561 15.070418 
13.962802 12.834613 13.164307 12.999533 11.569675 14.184806 10.336496 12.749704 13.642137 13.878940 11.432795 11.384901 13.467128 15.705222 12.942764 14.414884 12.788537 11.288793 14.365891 13.234192 12.039103 13.705142 11.904357 12.718010 14.621296 14.480581 12.743243 14.309311 10.343985 13.849474 15.086314 12.713846 11.491849 11.754340 12.605157 13.570093 13.183771 14.139206 11.992057 13.672620 14.513923 13.750136 11.713944 13.394446 14.076157 11.021914 12.967309 12.647060 13.984722 14.051342 
12.346667 12.171466 10.812794 11.758727 10.596095 13.401230 10.065921 11.220950 12.278532 12.642117 9.701320 10.947509 11.576481 14.055296 12.272815 13.261893 12.562743 10.958975 12.050732 13.087128 10.562058 11.035463 12.463783 11.756300 13.686990 12.983367 10.981526 13.220069 10.221729 13.146892 13.685718 11.488035 11.449147 10.638372 11.604703 12.426064 11.600148 12.009808 12.179594 12.746579 12.510970 11.445764 11.338485 11.533327 12.069289 10.016523 11.593702 11.032847 12.335367 12.211452 
13.192149 12.796463 12.686312 10.894113 11.660817 14.435029 10.534710 12.934054 12.374735 12.834670 10.887916 12.171572 12.409133 15.703242 13.540565 13.933047 12.421860 12.039961 12.441696 14.235021 11.381634 12.719626 12.026436 11.955217 13.228693 12.713172 11.747196 13.275366 9.698052 12.539572 15.428321 13.217903 12.298808 11.896418 12.090277 12.282409 12.833448 12.097832 12.204376 13.340013 12.101800 13.271939 12.226167 11.804404 12.488792 10.916774 13.098569 13.114716 13.039819 12.627042 
14.400632 12.548120 12.041154 13.641999 11.159694 15.009346 11.030206 12.466781 13.139019 12.884656 11.882380 11.215869 11.862990 15.226697 13.627612 14.059492 12.349432 11.748728 12.565084 13.157939 10.963949 13.270668 11.285476 11.878091 15.202576 14.553106 12.235476 13.820193 10.183385 12.882438 15.643182 12.775993 12.154441 11.167868 12.219929 12.135651 12.797938 13.261836 13.052100 14.328764 12.155231 12.092537 12.432648 13.046845 13.752977 10.126436 14.386160 11.885813 13.635574 14.267705 
16.042886 14.058714 14.016626 14.243964 11.692401 15.417435 11.384713 11.989819 15.036444 14.923400 12.394055 12.824827 14.143792 17.258006 14.370787 16.074115 14.463328 12.862943 15.078590 14.908015 12.398571 15.310077 12.826107 12.340131 15.800003 15.068527 13.284571 14.262522 10.723781 14.389366 16.494132 13.741548 13.489761 12.192151 13.413222 14.369740 14.069558 14.449821 15.004866 14.569456 14.559240 13.553246 11.353521 13.656261 15.622853 11.410678 15.483023 13.940844 14.439742 15.228425 
14.791375 13.414628 12.482495 13.904454 11.362930 14.549949 9.896870 12.151831 13.322737 12.988198 11.094014 10.873093 12.457590 15.023055 14.069990 12.289307 13.560941 11.860516 12.612863 14.526491 11.106211 13.219716 11.116067 11.525527 14.488485 13.500942 11.800010 13.832596 9.832248 14.073927 15.803377 13.592213 14.061032 10.830435 13.421396 11.322580 12.421211 13.820048 14.050669 14.546234 13.198615 10.846200 11.344850 12.391515 14.035165 10.113328 14.151766 11.542459 12.639337 13.013852 
11.116342 10.220063 9.117270 10.505814 9.410760 10.730850 8.806200 10.292453 10.774193 9.287172 10.087920 9.046898 9.770574 12.783723 11.257555 10.743221 9.437688 9.714575 10.699502 10.985492 9.121128 10.300879 9.928497 9.812285 11.495465 10.335792 8.274417 10.800721 7.436618 10.796745 12.932684 10.959297 10.268378 8.803979 10.737720 10.296189 10.285833 9.800361 10.208679 10.562352 9.782095 9.568359 9.540551 10.739458 10.983037 9.414399 11.391683 10.253780 9.883192 11.246739 
13.052355 12.096956 11.784515 11.172056 9.976293 13.298732 9.628143 10.545545 12.590312 13.046443 11.829538 11.842262 12.270835 14.703086 12.597796 13.464115 12.186618 10.559335 12.342703 13.207736 10.102670 12.432923 12.142072 10.908165 13.244155 12.359413 10.831830 11.832674 9.919827 12.748675 13.536156 12.530131 11.684311 10.391553 11.551261 12.161729 10.489379 11.371432 14.466669 12.044796 11.300438 11.547146 9.725219 10.162726 12.880537 9.827998 12.471495 11.084604 12.054092 13.361610 
13.963633 12.068246 13.918039 12.837087 11.529366 14.346804 11.261324 12.404649 14.449558 14.155983 11.581156 11.660549 12.156072 15.842220 12.886985 13.164862 12.627132 11.892675 13.080407 14.035579 12.559937 14.222734 12.572004 12.210977 14.240563 13.052330 13.113064 13.784997 10.041715 13.687250 15.708095 13.490449 12.882151 12.644989 12.188028 13.026070 12.464336 12.890742 13.266327 14.197763 14.299053 12.157910 10.599052 13.089420 13.982626 10.831536 13.768684 12.350046 13.283127 14.097168 
14.920492 13.677712 12.940237 13.361322 11.436301 14.671462 11.769332 12.882871 15.210798 14.365044 11.546387 12.184819 13.101690 16.561306 13.433778 15.280979 13.455813 11.553969 13.554879 15.469722 12.060378 13.353733 14.157980 13.249298 15.146186 14.220294 12.975740 14.836234 10.853893 14.266547 16.579771 14.562932 13.305277 12.210644 13.397891 14.469958 12.967080 12.908020 13.882703 14.807500 13.306637 13.459395 11.968841 12.732326 13.728553 11.209020 13.808672 12.779936 13.442125 14.173146 
13.900569 13.377803 13.654657 12.468317 11.817721 14.353128 10.226996 11.960059 13.548185 13.138504 13.259118 11.791347 13.558800 16.074162 14.122470 12.517221 12.796239 11.897267 12.880447 14.597448 11.814712 13.254590 11.704356 11.479452 14.977482 12.159346 11.252709 14.872778 10.486442 13.143508 15.423747 13.628118 13.945189 11.661906 13.312743 12.578749 12.060967 12.837028 13.119891 12.013959 12.246134 11.974782 11.069189 11.681012 13.755677 10.740077 13.614634 12.752216 12.569533 13.573831 
12.512206 11.220474 11.779750 11.571506 10.074601 12.497081 9.636076 10.951159 12.061944 12.782268 10.144358 10.130398 11.852316 14.794599 12.358813 13.716304 12.402963 10.262018 12.518418 12.757272 10.289008 11.292868 10.909008 10.684212 14.620206 11.767382 10.998347 12.573582 9.773380 12.444053 14.021007 11.603205 11.541758 10.234485 11.481339 11.801833 11.858756 12.815967 11.741875 12.527063 11.766726 11.625926 10.649721 10.933378 12.348320 10.070241 12.661990 11.043362 11.894521 12.580941 
14.638845 13.891973 13.381316 13.741492 12.277858 14.447148 11.580424 13.004761 14.060797 14.331393 12.055356 12.272239 13.585121 17.530944 14.170551 15.687246 13.193328 13.403751 14.976777 15.878737 13.778377 14.200773 13.493457 13.124578 15.277940 13.638908 12.119779 14.769311 11.108346 13.664049 16.199735 14.874911 13.038403 12.109681 12.652163 14.033262 13.947125 14.588551 14.475038 14.891702 14.650713 13.284301 11.943730 13.507710 14.306865 12.468301 14.525326 13.883024 13.894459 13.992737 
13.280268 12.867040 12.861847 12.369842 11.135814 14.307172 9.802854 12.532491 12.973880 12.955994 11.573252 11.071244 12.072003 15.285699 14.632323 13.138002 13.093956 12.682846 12.889723 14.279634 11.371081 13.032866 11.912250 11.715485 14.073306 12.941223 12.095619 13.465969 9.885289 12.686912 15.641225 13.311776 13.372873 12.527395 12.256943 11.115331 11.783110 12.604953 13.850234 14.162922 12.001453 11.844753 11.016643 11.733537 12.867794 10.121932 13.790233 13.115111 12.458958 13.411086 
13.008747 12.601697 12.067985 10.740812 9.988211 12.489164 8.883430 10.105951 11.519570 12.492127 11.474691 11.098164 12.419259 13.691066 12.409918 12.334346 12.766983 10.523860 11.852602 13.277424 10.080061 12.583702 10.477711 10.777012 12.389316 12.248650 10.853355 11.326949 9.673698 12.468287 13.121622 12.027045 10.927915 10.478077 11.924652 11.112686 11.143088 11.610116 12.985315 11.616122 12.199851 11.564595 10.937723 9.982736 12.916027 9.740228 12.135304 11.005346 11.436110 12.149115 
13.052985 10.412900 10.941640 12.254553 9.544795 12.317301 9.024909 10.591923 12.001339 10.727520 10.666171 9.798367 11.268309 13.125735 11.458479 11.478013 11.586862 11.691308 11.353955 11.915012 11.009968 12.721461 9.393584 10.673977 11.623980 12.482985 9.706384 11.879495 8.452537 11.199658 13.801934 11.743741 10.763637 10.835182 10.553821 11.001021 10.913377 11.703452 11.240803 11.796306 10.960497 10.604762 9.062354 11.589656 12.151813 9.220260 12.034685 11.026621 11.258270 11.290233 
12.794435 10.298715 11.031583 11.925508 9.852192 11.969393 9.859422 10.129428 12.454804 12.369230 10.188846 10.614666 10.887906 14.542966 11.808416 13.084729 10.975608 10.306521 11.905747 11.613512 9.934200 11.228164 9.646013 10.914210 13.155034 12.933440 9.539803 12.636498 8.537864 11.688433 14.443644 11.433591 11.031234 10.204284 10.175294 11.921102 10.336916 13.010385 11.470018 11.638022 11.193720 11.375035 8.609949 10.941322 12.060515 9.303078 13.905792 10.928373 12.662957 12.431127 
14.915781 12.796452 13.032729 12.219851 10.905274 15.140782 9.558058 13.726650 12.898699 13.206167 11.375979 11.347615 12.799471 15.478330 14.112537 14.144110 13.309148 12.590794 12.790701 12.904733 10.937485 13.279900 11.766144 11.907031 15.031316 13.363365 12.897718 13.388012 10.392637 12.912330 15.053365 13.861044 13.200245 10.937882 12.728959 11.827985 13.194760 13.154958 13.306272 14.342416 12.995253 12.638955 12.180417 13.253116 14.076003 10.777549 13.406713 12.942684 12.358874 13.538634 
14.974148 13.266511 15.400427 13.934829 12.584703 15.444158 11.576544 13.081218 14.184253 14.949902 12.563109 12.732481 13.519558 16.564485 14.405587 14.985404 14.134808 13.301843 13.574160 15.323212 12.716703 14.877061 12.327326 12.729865 14.822742 13.513597 14.100529 14.372628 11.717674 14.014354 16.860900 13.930540 12.386738 13.063210 13.552301 13.175346 13.985641 13.385229 13.987051 15.194854 13.213145 13.308582 12.766459 12.862925 13.810791 11.272828 15.030751 13.541733 14.189569 14.998481 
13.393089 11.350794 13.410395 12.686832 10.525333 13.536755 10.989255 10.579695 12.816452 12.865122 9.980770 10.763188 11.819581 15.568181 12.071911 13.704275 12.617654 10.662344 12.366903 14.443860 11.090715 13.201561 12.427019 11.668467 13.008598 13.582091 12.598058 13.577211 9.317216 13.724979 14.930392 11.642698 11.728500 11.097557 11.533936 12.708262 12.625992 12.822007 12.500488 13.369313 13.847254 11.345498 11.306243 11.962590 13.412253 10.391669 12.624416 11.063134 11.284691 13.216067 
12.736781 11.254438 11.179921 11.376650 11.084557 12.919326 8.187380 11.338950 10.636745 11.354844 10.516570 10.536938 11.463782 14.557893 12.470019 11.696599 11.659962 10.642501 11.645646 12.342404 10.714015 11.509251 10.459082 10.202979 12.805985 10.291128 10.176760 11.954879 9.024067 11.792068 13.455373 10.871223 11.580420 9.288267 11.705495 10.405790 11.476403 11.164602 11.581792 11.972850 11.055406 10.474807 10.920663 10.704455 11.833413 9.554182 11.570484 10.938708 11.758709 11.397852 
13.640707 11.479295 11.742984 10.824041 10.473174 12.974941 8.482887 10.887546 11.736228 11.358296 10.900330 10.263420 11.488823 14.109518 11.834423 12.489250 12.239255 11.631484 10.604270 12.975768 10.195815 12.239803 10.542962 10.565426 12.855821 11.499247 10.772651 11.728855 8.783224 10.917654 13.815386 12.580887 11.214167 9.836143 12.104394 11.083515 11.597610 11.060077 11.906570 12.532845 10.502298 10.612374 10.197419 10.597568 12.154813 9.472680 11.832176 11.367331 10.746721 11.195163 
14.366884 12.662993 13.158098 13.273966 11.259813 15.148550 11.946164 12.676334 13.197043 13.140537 10.983468 11.078201 13.817140 15.789109 14.161753 13.979174 13.920851 12.545133 14.224479 14.419835 11.870648 13.669626 12.635126 11.596262 15.666808 13.559691 12.887979 14.534150 11.801559 14.244088 15.336366 12.959769 15.553002 11.632488 13.309848 11.389657 13.419820 13.250112 13.904652 15.770169 13.926808 11.543758 12.039192 12.536528 12.904813 10.769337 13.866741 13.127134 12.005220 13.445604 
14.928272 14.146984 14.992934 14.013182 11.532216 15.202043 10.495593 12.314728 14.056100 14.503125 11.398965 12.398130 13.549813 16.545411 14.517657 15.312376 15.608818 13.930946 14.865222 15.221447 12.308138 14.056421 12.829472 12.460542 15.136522 14.051526 12.883292 13.741124 11.007491 15.239063 15.724786 13.156592 12.239035 12.504327 13.588518 12.064677 14.085086 13.728607 14.622825 14.657711 14.228521 12.817785 12.479687 12.731723 14.428889 11.722682 13.960953 13.560253 12.451473 13.375388 
12.677141 12.730424 11.931069 11.796130 9.727568 13.526274 9.675862 10.887170 12.688619 12.427820 11.521856 10.613047 11.981282 13.674702 11.976465 11.953703 12.207453 11.985250 12.142797 12.433478 10.127954 12.409634 10.890540 10.571524 13.491848 11.779483 10.914306 12.569599 9.997656 12.631575 13.503804 12.941071 12.027509 10.206023 12.011678 10.977451 11.696035 12.781144 11.788304 11.599046 11.902623 11.230386 10.939835 10.577411 12.603374 10.083363 12.795915 12.554338 11.368318 12.183562 
15.366557 13.583361 12.857290 13.625917 11.399725 14.448515 11.512567 12.475974 14.219970 13.730565 12.363592 13.383245 13.618291 17.466455 14.755375 14.132470 14.295993 12.530747 13.332130 15.820427 10.942748 13.374320 13.005370 11.791299 16.412076 14.082528 12.395904 14.669534 10.743474 14.194112 16.084873 13.145383 13.932595 12.170347 13.789974 13.736885 13.620904 13.995107 14.047375 14.277391 13.090271 12.973240 12.549065 12.345719 14.593040 10.583855 14.008783 12.767364 14.011647 13.271255 
15.515717 14.081184 14.236524 13.360710 11.861788 15.763862 11.617137 11.972954 14.685806 14.806851 12.871850 12.676047 14.104834 16.729832 14.290020 15.145346 15.800423 13.697427 13.082247 16.130036 12.163560 14.279188 13.129681 12.261761 16.112657 13.666206 13.218770 14.038354 11.719180 14.872150 16.170066 13.696037 13.310364 12.686583 14.151622 13.226314 13.827160 13.026670 14.102084 14.347831 13.258610 12.176863 12.477780 11.657772 13.963188 11.359912 14.338610 13.552608 13.244322 13.347708 
14.438296 14.422952 13.439315 12.346979 10.954652 15.424873 10.957211 12.136197 12.752965 13.701233 11.622906 11.688385 14.501992 15.338455 13.916424 14.233102 13.260822 12.327826 13.631707 14.576508 11.154871 13.291602 11.858764 12.699936 15.171774 14.595741 11.920228 13.856224 11.123106 14.593055 15.172780 14.411728 13.345396 11.967008 12.965882 11.993476 12.954616 14.100601 14.194476 14.012071 13.468498 12.246246 10.613187 11.783039 13.928776 11.818195 13.262476 13.201635 12.675927 13.315105 
14.087114 13.606429 11.279066 11.172927 10.184431 13.225638 10.180284 11.389744 12.824019 13.327948 9.983898 11.384450 12.374048 15.660103 13.064529 14.156900 12.273763 10.792065 13.051142 13.434774 10.308982 12.302676 12.106031 10.645762 14.151990 13.831831 11.469119 12.903495 9.414393 12.567079 14.338662 12.859182 12.043895 10.715600 11.657184 13.146251 12.782593 13.030293 12.739346 13.547635 11.914465 11.871564 11.303336 11.110707 13.634204 9.430979 12.893015 12.274580 11.882337 13.790245 
15.253245 13.712497 12.795787 13.443578 11.835223 15.091653 10.184034 12.685896 13.163899 14.940574 12.084355 11.613718 12.924587 16.024168 12.714581 13.229479 13.588914 12.749550 13.757013 14.314981 13.196988 14.807912 12.673984 12.399092 14.902264 13.504368 11.863303 13.364700 10.691382 14.673080 16.611094 14.331754 12.815276 12.584494 13.966283 12.545736 13.214867 15.100247 14.351421 14.122370 14.075615 12.075699 11.998811 12.654695 14.382740 12.253801 14.525187 12.425345 13.558459 13.703581 
14.164840 12.759349 12.804366 12.238253 11.184510 14.316991 10.003040 12.023618 13.248931 12.643780 10.963054 10.691654 11.996891 14.971669 14.495582 14.716020 14.148838 13.513081 13.252571 13.563246 11.740529 13.278402 12.489234 11.627010 13.692701 12.452372 12.363513 12.351986 10.087535 12.638093 14.954502 13.229442 12.732968 11.224030 12.777730 11.469235 12.567128 11.555556 13.685535 14.177230 12.835173 11.930578 11.529124 12.717529 13.481834 10.630625 14.132361 14.149346 12.452041 13.859606 
13.940485 13.657373 12.154100 14.496499 11.426300 14.317046 11.232442 12.859297 14.354747 14.095372 12.522712 12.491117 12.874177 15.796835 13.526995 15.241613 13.258473 13.051227 15.424759 14.849004 11.163940 13.617957 13.254739 12.785508 15.616459 15.453278 12.690405 14.277322 10.881208 14.058312 16.370770 13.647122 13.039523 12.318596 13.779570 12.514240 12.884698 14.320061 14.587961 14.714195 13.239682 14.247000 12.273511 13.389766 13.844578 11.103119 14.629925 13.088479 14.292355 13.830419 
13.172374 11.108492 11.680292 11.802939 9.931541 13.415198 10.104114 12.915624 12.732841 12.454918 9.962030 11.242745 11.186957 15.037502 12.472063 12.734726 11.626555 12.288805 13.246798 12.815358 10.714613 12.785438 11.054189 12.373010 13.265247 13.241720 11.706994 14.103176 9.826513 12.836947 14.662711 12.506238 12.464260 11.991292 12.330649 11.362388 12.761861 13.487942 12.426377 14.000235 12.004885 12.268543 11.342268 11.944579 12.742059 10.740162 12.793413 12.129633 12.200725 12.035078 
15.437784 12.089412 12.992857 13.038788 11.852335 14.288888 10.610452 12.874194 13.339861 13.850498 10.517758 11.966758 12.637194 14.403712 13.488124 13.322092 13.202370 13.616454 13.367614 13.209206 12.912900 14.570425 10.569395 12.733911 14.058943 13.362363 12.466865 12.549373 11.044388 13.086334 16.194451 14.585841 11.840734 11.009066 13.340693 12.088809 13.751486 13.452861 12.432064 14.598340 11.851776 12.150068 12.162716 12.951732 13.393910 10.718106 13.868517 13.761245 12.829246 13.331860 
13.943040 12.987892 13.884622 11.857172 10.805640 13.993034 10.847906 13.007494 13.273549 13.815736 11.879952 12.502685 12.635389 16.402931 14.538773 13.540042 12.847654 12.040112 12.222549 14.386832 10.549322 12.292595 12.056955 11.561822 14.874410 12.242902 12.623117 13.211887 9.882949 13.335609 15.851989 13.869997 13.359767 11.802780 12.140499 12.361499 12.049554 13.515721 12.819295 14.136732 12.848412 12.920434 12.339134 11.375537 13.977397 10.845231 13.456107 12.843078 12.985348 13.400745 
14.149870 12.349879 14.305454 11.477045 12.036620 14.744282 9.972906 12.452989 13.133794 14.281674 10.165664 12.814844 12.672998 16.142795 12.907696 12.828472 12.220837 12.090075 12.569951 14.022121 12.359663 13.237112 11.944535 11.825849 14.590247 12.341600 12.707615 14.406713 9.878042 12.937112 15.707687 12.916769 11.488993 10.653112 12.103594 13.320788 13.535676 12.951307 12.486486 13.003960 12.518907 12.304786 11.830461 11.169503 13.793495 10.452057 12.539573 12.556755 12.745290 12.897502 
15.240718 13.351030 12.992813 13.896430 12.044856 14.118737 11.617467 12.201975 14.059180 13.822198 10.278904 11.129937 13.369663 16.334506 14.170143 15.326389 13.835786 11.838379 14.012974 15.279849 11.675249 12.630543 12.418497 12.614028 16.177814 14.056087 12.991115 14.652863 10.032138 13.344004 16.844261 13.697987 13.214141 11.222108 13.208415 14.128942 14.108243 14.279758 13.256979 15.160321 13.816819 12.090865 12.092370 14.106609 14.738486 10.585370 14.518171 12.423174 12.740016 14.053721 
14.929157 13.189785 13.447201 13.136799 11.438612 14.723817 11.384980 12.978845 12.955632 14.676863 11.806901 13.081781 12.605418 17.138688 13.886793 14.334968 13.297855 12.864394 13.024502 14.618066 12.668932 13.452822 12.400975 12.595283 14.612610 13.844249 12.638854 14.696251 10.936029 14.350364 15.857057 12.602957 13.302562 12.944119 12.499157 12.709862 13.581940 13.880249 13.653492 14.440080 13.308229 12.274759 12.706451 12.666938 14.049812 11.046673 13.766139 11.282766 13.546833 13.375553 
