50
0.653758 0.401227 0.183801 0.186295 0.0736254 0.932988 0.359285 0.321348 0.461944 0.150416 0.537415 0.315861 0.697029 0.972645 0.92745 0.478472 0.0686793 0.464652 0.675402 0.325482 0.458086 0.108885 0.560686 0.987244 0.00784973 0.0239452 0.893576 0.295248 0.814688 0.461618 0.873148 0.0265172 0.374009 0.998647 0.200016 0.112559 0.0420654 0.369397 0.375501 0.205259 0.800897 0.688782 0.519477 0.330561 0.0166935 0.813983 0.172651 0.0108127 0.435604 0.0953307
0.380629 0.246082 0.509549 0.897453 0.687491 0.752048 0.676326 0.397318 0.66765 0.98447 0.542163 0.507178 0.463289 0.21804 0.70305 0.0399576 0.317916 0.536222 0.555671 0.31062 0.221633 0.482337 0.961905 0.676664 0.192572 0.748573 0.477597 0.0228343 0.913061 0.505928 0.264005 0.0297237 0.0353702 0.042794 0.67507 0.654532 0.571279 0.326003 0.42143 0.26513 0.591298 0.356274 0.318226 0.794135 0.245723 0.597996 0.430991 0.339657 0.614351 0.756083
0.418527 0.694599 0.185691 0.683005 0.458444 0.545516 0.576754 0.791986 0.213144 0.270981 0.692224 0.214979 0.559944 0.370672 0.950563 0.542801 0.103718 0.484089 0.812539 0.643326 0.400086 0.548023 0.273467 0.226353 0.460489 0.103616 0.90592 0.586172 0.921627 0.159922 0.186153 0.217606 0.628261 0.702553 0.204789 0.752439 0.485369 0.0587557 0.862077 0.310285 0.318472 0.567024 0.289514 0.0919527 0.212815 0.94975 0.441344 0.530841 0.873917 0.547742
0.505137 0.806114 0.790456 0.158763 0.582618 0.165762 0.155149 0.813418 0.517343 0.927554 0.631669 0.392351 0.17997 0.607927 0.704699 0.112913 0.701878 0.829898 0.210808 0.459384 0.016053 0.501077 0.213925 0.570043 0.941707 0.952018 0.977958 0.422865 0.0338711 0.161954 0.791311 0.136568 0.43783 0.432872 0.815987 0.373456 0.61415 0.958416 0.946885 0.403443 0.992075 0.184683 0.912757 0.72659 0.331479 0.789144 0.932418 0.780515 0.569924 0.0354026
0.399616 0.465012 0.920801 0.642684 0.10339 0.950859 0.767757 0.519138 0.0331072 0.0955548 0.679337 0.758598 0.319942 0.847106 0.957251 0.412681 0.969346 0.846078 0.277862 0.564826 0.514288 0.95129 0.537304 0.265675 0.831578 0.822649 0.993461 0.0529754 0.335423 0.162863 0.210362 0.976307 0.72867 0.899567 0.243298 0.762748 0.734972 0.616573 0.117189 0.838836 0.988743 0.476509 0.686279 0.295634 0.958816 0.994557 0.619387 0.154972 0.245968 0.28004
0.775746 0.47891 0.802244 0.603532 0.342783 0.0358622 0.26372 0.598177 0.246899 0.240923 0.132976 0.0776215 0.734587 0.491994 0.388418 0.206588 0.433141 0.0737109 0.396865 0.155812 0.90282 0.0417688 0.550046 0.546123 0.939369 0.678082 0.0547269 0.526048 0.67683 0.340266 0.120695 0.573698 0.612034 0.651564 0.0235122 0.527164 0.538831 0.81721 0.12761 0.0325057 0.484031 0.428423 0.214942 0.427607 0.50731 0.11322 0.718501 0.990877 0.699733 0.783727
0.623184 0.225035 0.916802 0.634068 0.401472 0.162422 0.555672 0.705397 0.9027 0.943914 0.90544 0.905459 0.498964 0.62891 0.702471 0.203737 0.789071 0.0374183 0.961503 0.858448 0.82152 0.0252614 0.175265 0.989291 0.826377 0.720385 0.929075 0.156809 0.146625 0.553734 0.411398 0.851282 0.266621 0.419304 0.934162 0.844263 0.810591 0.783473 0.290369 0.794594 0.075227 0.405174 0.813247 0.804648 0.163806 0.291314 0.0645071 0.356694 0.584987 0.745504
0.641985 0.345424 0.476338 0.358393 0.915669 0.886248 0.206755 0.173589 0.794718 0.60843 0.189829 0.205078 0.305345 0.892351 0.55307 0.559881 0.0124065 0.0410177 0.241177 0.976233 0.383076 0.314643 0.0167323 0.216448 0.270077 0.516859 0.523467 0.959062 0.660692 0.758366 0.527216 0.900164 0.476642 0.876726 0.132545 0.904448 0.436586 0.632695 0.766697 0.490101 0.480345 0.642391 0.0269195 0.957363 0.474321 0.737905 0.748215 0.883091 0.587411 0.461642
0.282742 0.17104 0.651659 0.848464 0.613888 0.91573 0.167641 0.355626 0.803228 0.740219 0.766664 0.691583 0.468274 0.386305 0.249892 0.294331 0.840137 0.462059 0.328183 0.535542 0.97683 0.23657 0.856837 0.578477 0.363943 0.200973 0.313104 0.115364 0.589925 0.872272 0.323021 0.789282 0.0152136 0.297369 0.61949 0.669947 0.295156 0.239745 0.440587 0.820387 0.827685 0.360793 0.405195 0.525742 0.135747 0.868966 0.914718 0.57465 0.254414 0.316134
0.134071 0.213054 0.571891 0.141743 0.471539 0.663358 0.727153 0.601471 0.202566 0.783813 0.187369 0.969981 0.132673 0.539748 0.973927 0.21192 0.430897 0.51922 0.205531 0.492661 0.35683 0.903587 0.169364 0.759687 0.744208 0.730423 0.265469 0.638348 0.730093 0.0610723 0.0830348 0.543196 0.578237 0.643389 0.416789 0.359087 0.795292 0.331138 0.0195689 0.92043 0.76367 0.0167721 0.57276 0.704462 0.2229 0.846989 0.239666 0.0483646 0.073157 0.954267
0.236063 0.493096 0.5058 0.605515 0.00812997 0.236739 0.832266 0.692783 0.663579 0.557107 0.519866 0.832415 0.738203 0.985449 0.973965 0.0864808 0.689823 0.729771 0.426374 0.178443 0.0303087 0.533088 0.149212 0.721634 0.57753 0.0508783 0.954758 0.255206 0.757038 0.608874 0.784653 0.544917 0.717866 0.567585 0.924596 0.541082 0.569259 0.288568 0.583937 0.603136 0.620176 0.192196 0.982454 0.385018 0.855293 0.162998 0.0377053 0.115758 0.406231 0.676362
0.667495 0.295417 0.345597 0.203285 0.978336 0.00894678 0.832542 0.774217 0.436631 0.76488 0.371642 0.354846 0.148992 0.599843 0.399366 0.397492 0.000607307 0.786368 0.266538 0.394028 0.401034 0.283145 0.337636 0.781957 0.938145 0.384082 0.962441 0.734066 0.990858 0.193499 0.681721 0.392719 0.196321 0.828487 0.0727882 0.90934 0.865124 0.949 0.811516 0.877696 0.584302 0.118195 0.954535 0.746089 0.86969 0.600828 0.754853 0.53819 0.948098 0.397817
0.76647 0.964801 0.411032 0.47939 0.800685 0.483577 0.202745 0.715479 0.0880321 0.0700676 0.393412 0.543817 0.816558 0.977777 0.346173 0.685949 0.199834 0.138325 0.974622 0.332243 0.672184 0.384162 0.253189 0.970569 0.0385404 0.670939 0.240409 0.0736811 0.151554 0.0916127 0.530943 0.935525 0.688625 0.493333 0.925411 0.790401 0.921454 0.274687 0.990918 0.391155 0.941353 0.212364 0.581201 0.132887 0.588993 0.762724 0.65563 0.641736 0.377393 0.214643
0.23247 0.11528 0.581168 0.0554726 0.242194 0.688489 0.624945 0.110341 0.923051 0.589955 0.44769 0.222392 0.544347 0.807672 0.664571 0.878066 0.287383 0.787014 0.620896 0.136913 0.418661 0.0779338 0.0224878 0.433493 0.410052 0.818104 0.696603 0.0998674 0.724576 0.166102 0.0781238 0.593223 0.726793 0.771941 0.76336 0.166444 0.0355921 0.505628 0.540898 0.600233 0.349239 0.262804 0.649078 0.628537 0.89431 0.450218 0.70446 0.319209 0.879941 0.27417
0.16622 0.287862 0.403527 0.138148 0.209618 0.237466 0.538256 0.505671 0.702278 0.655004 0.0358346 0.135618 0.497215 0.316062 0.592867 0.183867 0.177432 0.0269629 0.719168 0.567663 0.756647 0.657823 0.934879 0.366454 0.400555 0.656502 0.264051 0.481861 0.850038 0.966768 0.730086 0.75407 0.278022 0.520009 0.437518 0.294086 0.153931 0.867495 0.927842 0.949377 0.511365 0.0913279 0.907843 0.533466 0.84599 0.400172 0.619889 0.453581 0.262763 0.882983
0.592924 0.748514 0.601816 0.65792 0.85828 0.201549 0.0793906 0.428791 0.660417 0.397288 0.0724503 0.340374 0.761997 0.13075 0.889395 0.571252 0.392939 0.497456 0.703144 0.319051 0.433599 0.573954 0.25066 0.100719 0.789593 0.45062 0.653335 0.929301 0.929055 0.0883098 0.675157 0.58603 0.931785 0.675429 0.562333 0.302199 0.798294 0.549195 0.933435 0.257745 0.462752 0.227425 0.206955 0.378124 0.691166 0.778482 0.311242 0.706378 0.120723 0.0170252
0.647467 0.884849 0.575835 0.963059 0.566606 0.176149 0.154565 0.178247 0.365506 0.538487 0.565107 0.684579 0.571866 0.85564 0.901916 0.19134 0.400123 0.687904 0.477235 0.999398 0.747853 0.816892 0.39646 0.704312 0.524097 0.301663 0.211111 0.740348 0.687284 0.0763028 0.923666 0.742181 0.132174 0.35083 0.964061 0.36944 0.45041 0.235836 0.677458 0.287801 0.828063 0.560955 0.430601 0.833049 0.275328 0.729701 0.594082 0.787922 0.937768 0.0491713
0.672665 0.103367 0.291848 0.205783 0.638285 0.21987 0.669309 0.259721 0.894624 0.990916 0.866338 0.797393 0.383056 0.11318 0.758453 0.950856 0.753008 0.596016 0.497019 0.709553 0.0775278 0.321733 0.681454 0.194583 0.708449 0.623132 0.589743 0.528568 0.294054 0.977908 0.975849 0.661437 0.838224 0.343098 0.121422 0.526435 0.764554 0.247979 0.339376 0.501805 0.308274 0.739551 0.0967409 0.679219 0.730864 0.0955408 0.0422711 0.561924 0.762412 0.0212312
0.0690036 0.169111 0.831703 0.17098 0.0941674 0.130527 0.457616 0.0334435 0.0978525 0.0692032 0.334758 0.504285 0.0192164 0.985434 0.501141 0.65603 0.736205 0.447177 0.909469 0.0297002 0.272778 0.738618 0.351951 0.152303 0.410523 0.297986 0.951842 0.973601 0.434808 0.0599384 0.0913277 0.0925918 0.39356 0.687489 0.922743 0.047064 0.958475 0.507382 0.442471 0.990352 0.867993 0.216726 0.743592 0.463661 0.0980022 0.132186 0.0994116 0.178302 0.29282 0.191332
0.015329 0.338181 0.00255693 0.579244 0.269234 0.609227 0.865117 0.251694 0.897506 0.897636 0.138097 0.870883 0.17286 0.98465 0.239354 0.655066 0.0960694 0.349788 0.180915 0.968056 0.136816 0.87955 0.233824 0.587223 0.517089 0.873678 0.129958 0.337744 0.571658 0.0392588 0.106871 0.0171309 0.39775 0.822867 0.551105 0.59646 0.461932 0.611729 0.763258 0.210843 0.356564 0.468114 0.19155 0.728983 0.404045 0.808539 0.616904 0.236438 0.784966 0.503609
0.82325 0.648451 0.370705 0.717481 0.128637 0.260654 0.465404 0.694306 0.0948757 0.282072 0.953147 0.861112 0.0494949 0.854032 0.66714 0.313573 0.369608 0.0595307 0.723265 0.660055 0.695194 0.715782 0.106577 0.732423 0.353387 0.925703 0.261199 0.704301 0.395494 0.552877 0.739507 0.659044 0.440306 0.892886 0.825716 0.795995 0.0744635 0.416207 0.540177 0.868615 0.253055 0.701237 0.231598 0.713755 0.537007 0.175895 0.0826782 0.771993 0.355282 0.19574
0.656546 0.566636 0.722915 0.426747 0.362504 0.329128 0.757892 0.142265 0.985458 0.323512 0.730285 0.363493 0.397576 0.387845 0.419867 0.0404986 0.223276 0.30311 0.804576 0.854598 0.853473 0.415748 0.634597 0.163696 0.827101 0.625252 0.59219 0.155667 0.178359 0.107592 0.496954 0.493345 0.843158 0.767454 0.912557 0.97908 0.718079 0.502489 0.653502 0.831818 0.396601 0.501877 0.175819 0.469578 0.81028 0.380699 0.980433 0.52886 0.498497 0.758426
0.222435 0.329214 0.298355 0.945149 0.97965 0.842727 0.624033 0.981178 0.507507 0.641877 0.521942 0.960559 0.0483798 0.987406 0.0608077 0.560309 0.431973 0.0705256 0.870464 0.646505 0.506321 0.679569 0.366416 0.0451082 0.642899 0.205147 0.910531 0.294809 0.167906 0.783652 0.268594 0.772434 0.149956 0.336963 0.342717 0.427081 0.91346 0.601542 0.0973098 0.851726 0.559074 0.0892337 0.936402 0.748939 0.104014 0.361953 0.522483 0.442729 0.803605 0.429253
0.340295 0.88386 0.619376 0.550075 0.475856 0.376203 0.386768 0.916731 0.706436 0.171309 0.0919511 0.493125 0.428927 0.410303 0.578879 0.532847 0.31549 0.692884 0.9537 0.442115 0.376834 0.0780145 0.0447304 0.584889 0.468833 0.517687 0.722069 0.537139 0.440766 0.107846 0.287525 0.576507 0.419779 0.206762 0.257051 0.364968 0.210454 0.421672 0.682719 0.582025 0.798322 0.946565 0.551566 0.190901 0.253817 0.920819 0.667981 0.219293 0.218213 0.149358
0.872898 0.663828 0.233737 0.190291 0.0723359 0.361654 0.302375 0.102842 0.626455 0.639559 0.456046 0.968454 0.554408 0.979819 0.879979 0.256808 0.645207 0.36293 0.610944 0.597998 0.887852 0.877345 0.249593 0.268823 0.0288503 0.83672 0.585218 0.881903 0.849251 0.0860076 0.322546 0.567 0.407357 0.422574 0.846884 0.948231 0.507779 0.748808 0.509244 0.610231 0.764856 0.635361 0.923338 0.0912543 0.382273 0.62869 0.579348 0.404766 0.0984639 0.892678
0.536804 0.366823 0.393254 0.276238 0.356599 0.848024 0.431936 0.673385 0.830315 0.325846 0.174423 0.941791 0.385308 0.450259 0.252144 0.947749 0.394379 0.653973 0.111653 0.278377 0.166438 0.700599 0.957732 0.131732 0.784631 0.509485 0.0322474 0.543566 0.579845 0.990653 0.290005 0.684877 0.459563 0.296898 0.111062 0.815303 0.261987 0.66421 0.819337 0.956212 0.158111 0.563188 0.319243 0.761757 0.65807 0.0118941 0.40547 0.57909 0.462795 0.885404
0.597778 0.558486 0.0753835 0.296983 0.965258 0.202716 0.374185 0.733198 0.365025 0.935705 0.21711 0.550118 0.26351 0.806216 0.177065 0.195681 0.616508 0.371715 0.338118 0.862754 0.277948 0.608849 0.931711 0.78371 0.64654 0.584302 0.0761519 0.064303 0.195617 0.00276937 0.183656 0.717379 0.613056 0.583255 0.14321 0.3906 0.267986 0.789566 0.856091 0.218277 0.706042 0.167234 0.453248 0.959539 0.00137707 0.246227 0.765358 0.0580772 0.903694 0.360491
0.705277 0.160853 0.15376 0.704494 0.277968 0.941925 0.227814 0.183744 0.137581 0.797109 0.364051 0.941135 0.943695 0.94409 0.304551 0.123533 0.709429 0.254637 0.658067 0.524517 0.254722 0.124141 0.485306 0.900433 0.520591 0.249864 0.433078 0.838279 0.317257 0.985483 0.378823 0.192301 0.429778 0.072437 0.969929 0.429208 0.484018 0.252411 0.480287 0.407529 0.0566119 0.0712906 0.0953984 0.43526 0.548277 0.136948 0.118913 0.876877 0.287472 0.313908
0.225362 0.480805 0.407104 0.581469 0.284734 0.0584773 0.587258 0.0951447 0.98451 0.0251282 0.0408293 0.998643 0.144485 0.676878 0.950034 0.00362421 0.797823 0.760686 0.816229 0.758805 0.11115 0.6976 0.209054 0.810449 0.195985 0.739816 0.981299 0.212476 0.581453 0.00418239 0.456177 0.655281 0.214413 0.0493257 0.603101 0.0276527 0.819599 0.010293 0.468629 0.49933 0.111871 0.746758 0.450707 0.382235 0.424317 0.866139 0.26848 0.96836 0.221244 0.0244462
0.0175951 0.484119 0.354997 0.944862 0.738347 0.276089 0.521097 0.429999 0.0856353 0.457269 0.991943 0.214371 0.969758 0.408707 0.601505 0.98239 0.595175 0.234701 0.578921 0.501479 0.752801 0.440495 0.102122 0.499403 0.772804 0.552115 0.218552 0.345004 0.945418 0.417109 0.818183 0.685465 0.72774 0.447833 0.247783 0.613862 0.927663 0.602768 0.74739 0.703239 0.398131 0.382614 0.334512 0.03237 0.37249 0.483447 0.35989 0.405037 0.0292737 0.8124
0.772869 0.896237 0.38025 0.559851 0.233681 0.959394 0.351892 0.990026 0.839931 0.666496 0.477852 0.862513 0.598365 0.111935 0.197771 0.101378 0.119769 0.238476 0.287967 0.47526 0.815669 0.453693 0.948461 0.827318 0.697323 0.367866 0.376861 0.849757 0.727168 0.596774 0.852766 0.589273 0.529415 0.921883 0.426612 0.252542 0.159622 0.858507 0.880645 0.57326 0.338941 0.336367 0.606145 0.811478 0.482729 0.976068 0.220319 0.444197 0.117627 0.13352
0.8433 0.642521 0.0199924 0.26414 0.0823971 0.463038 0.825815 0.456149 0.195508 0.701093 0.683258 0.14341 0.15137 0.208833 0.439509 0.0975028 0.572696 0.463703 0.631899 0.350896 0.721223 0.347294 0.188027 0.644574 0.951218 0.775172 0.0367325 0.798675 0.140571 0.349614 0.643885 0.109399 0.990853 0.459432 0.986365 0.345145 0.0303875 0.747239 0.227612 0.29206 0.5045 0.605624 0.531831 0.82875 0.792635 0.955478 0.38011 0.823002 0.654619 0.394796
0.110149 0.613609 0.0393902 0.460145 0.707318 0.331239 0.475702 0.192815 0.82611 0.68535 0.303646 0.646281 0.158001 0.612996 0.431535 0.987861 0.662111 0.255283 0.246884 0.229643 0.780348 0.505459 0.0409377 0.704771 0.548108 0.0269785 0.577835 0.1848 0.876062 0.595934 0.107415 0.983041 0.275436 0.760335 0.0659347 0.568252 0.997002 0.252735 0.275371 0.869215 0.927807 0.205276 0.580542 0.0174348 0.647016 0.25817 0.00172355 0.140651 0.405417 0.43864
0.13655 0.0810169 0.135112 0.58375 0.236977 0.341805 0.452206 0.604351 0.296763 0.562514 0.870942 0.137049 0.711752 0.914603 0.242861 0.117122 0.765943 0.406163 0.246551 0.356351 0.436187 0.454417 0.402145 0.823901 0.823406 0.191643 0.448091 0.95901 0.585428 0.893393 0.659253 0.17563 0.588973 0.198487 0.126977 0.046036 0.610052 0.569725 0.191512 0.77008 0.488479 0.813485 0.11425 0.430119 0.932131 0.238569 0.260116 0.218834 0.375812 0.592575
0.907798 0.420861 0.939982 0.169239 0.922987 0.89965 0.66526 0.201731 0.809576 0.388295 0.652017 0.869083 0.321078 0.0883268 0.605524 0.685114 0.151825 0.876092 0.270022 0.780758 0.917622 0.256646 0.0411946 0.243073 0.822631 0.456514 0.563452 0.571297 0.895518 0.913208 0.992415 0.0812082 0.806433 0.488122 0.584812 0.70868 0.0967396 0.333611 0.0498668 0.2676 0.775282 0.584638 0.412779 0.893522 0.137322 0.0644872 0.352099 0.354115 0.0642643 0.948543
0.988119 0.522236 0.38222 0.727062 0.197617 0.684865 0.968028 0.049915 0.286464 0.550037 0.799338 0.194431 0.411436 0.313647 0.841702 0.485283 0.960314 0.966344 0.0105894 0.211696 0.553405 0.98327 0.983632 0.958386 0.35442 0.664389 0.113268 0.716129 0.717846 0.973626 0.0673878 0.56711 0.548052 0.387702 0.219729 0.0189445 0.0651517 0.115473 0.646748 0.0283396 0.958641 0.967139 0.893323 0.669227 0.539084 0.669343 0.949405 0.338611 0.606625 0.410778
0.57975 0.16083 0.843953 0.928828 0.907155 0.750563 0.681433 0.810267 0.246176 0.816022 0.461444 0.5837 0.631049 0.488061 0.249857 0.440763 0.456651 0.242598 0.610746 0.491106 0.644856 0.439003 0.821498 0.0309291 0.0495668 0.0999323 0.919762 0.765773 0.618935 0.127497 0.699284 0.522175 0.277638 0.108299 0.827852 0.00124203 0.134087 0.0435429 0.114405 0.141018 0.393438 0.315089 0.644328 0.958623 0.116699 0.485914 0.663708 0.412939 0.395683 0.498429
0.855654 0.771087 0.861245 0.891278 0.97376 0.0313867 0.334517 0.0119447 0.711522 0.43594 0.216142 0.4075 0.161188 0.721522 0.928197 0.350923 0.229558 0.666328 0.71031 0.844825 0.206161 0.19798 0.924742 0.484544 0.0259881 0.726178 0.602313 0.588292 0.807205 0.886961 0.20856 0.674839 0.49794 0.339619 0.175378 0.735384 0.169119 0.833725 0.119538 0.506881 0.86451 0.531096 0.267679 0.95179 0.5093 0.850234 0.604498 0.298058 0.875278 0.329418
0.698387 0.978828 0.953524 0.88323 0.905672 0.822773 0.132237 0.612384 0.987699 0.418276 0.744415 0.186292 0.0923578 0.177697 0.686059 0.0133477 0.978802 0.543264 0.100494 0.58725 0.808432 0.72342 0.82838 0.609001 0.11095 0.692827 0.582806 0.689513 0.315815 0.854374 0.291081 0.769019 0.370836 0.222452 0.205721 0.489787 0.0265126 0.467544 0.609618 0.866876 0.892828 0.529268 0.0508545 0.946592 0.509471 0.553344 0.962769 0.0827109 0.498737 0.50326
0.163536 0.0196939 0.889895 0.0607993 0.590753 0.550059 0.296885 0.341482 0.295552 0.796783 0.460958 0.782879 0.560124 0.622541 0.738945 0.138364 0.85367 0.971906 0.657279 0.722703 0.349761 0.784834 0.354423 0.237132 0.176722 0.666851 0.709555 0.243127 0.334637 0.471019 0.908468 0.00169712 0.899914 0.199552 0.392183 0.540151 0.0127724 0.0301066 0.918777 0.13914 0.657156 0.845613 0.512719 0.99571 0.693485 0.650016 0.936428 0.451146 0.398288 0.997929
0.0707114 0.649942 0.452593 0.270462 0.896131 0.0401635 0.178481 0.147328 0.692774 0.195807 0.753419 0.113257 0.494502 0.269739 0.309211 0.521413 0.0765054 0.918457 0.820479 0.569784 0.353629 0.933618 0.262847 0.460935 0.30519 0.444429 0.0291789 0.651462 0.0746565 0.084867 0.623198 0.67161 0.361198 0.137221 0.492662 0.617004 0.704966 0.704942 0.76326 0.807495 0.189554 0.900086 0.651351 0.265728 0.955914 0.512058 0.911488 0.297138 0.892042 0.928377
0.628803 0.0162606 0.923119 0.862961 0.421425 0.197237 0.185411 0.797213 0.456709 0.957474 0.661037 0.854985 0.532652 0.453592 0.259835 0.618432 0.956227 0.783052 0.00398487 0.083848 0.879639 0.614888 0.404267 0.845932 0.308244 0.393119 0.931264 0.581148 0.316097 0.305921 0.468195 0.339206 0.0506871 0.588707 0.957356 0.843705 0.327448 0.129727 0.732566 0.573085 0.608927 0.906716 0.660638 0.266079 0.513183 0.227053 0.623895 0.776121 0.889285 0.32273
0.309139 0.618331 0.364209 0.419808 0.384419 0.447469 0.75681 0.381249 0.428757 0.48593 0.376268 0.54532 0.536415 0.879025 0.746748 0.99794 0.512412 0.525128 0.0200624 0.275629 0.840685 0.969485 0.792151 0.119335 0.895726 0.476053 0.199497 0.71936 0.884238 0.56982 0.400554 0.885198 0.0164616 0.656995 0.979119 0.171729 0.243947 0.673528 0.93445 0.927218 0.226772 0.71317 0.21876 0.622879 0.0843352 0.249266 0.0912186 0.161179 0.030802 0.377005
0.893812 0.142748 0.827959 0.272842 0.000724689 0.500307 0.987021 0.0299341 0.628298 0.113199 0.226882 0.196256 0.391532 0.780786 0.26409 0.922496 0.701169 0.882877 0.437662 0.687505 0.256086 0.830105 0.861304 0.535198 0.688419 0.666524 0.835889 0.385882 0.843611 0.203608 0.432617 0.653369 0.423414 0.750095 0.807767 0.31952 0.925795 0.494678 0.745606 0.0849107 0.751839 0.0570362 0.0220392 0.10095 0.518818 0.419326 0.977904 0.792302 0.854521 0.982313
0.874828 0.193289 0.98513 0.912689 0.0585003 0.630128 0.418125 0.107562 0.440088 0.217512 0.377538 0.139459 0.932302 0.421843 0.163193 0.390866 0.516592 0.965941 0.781942 0.295575 0.572616 0.136987 0.928813 0.500597 0.790602 0.824124 0.432689 0.150564 0.623478 0.377584 0.915931 0.491955 0.165508 0.61159 0.453681 0.857291 0.644158 0.570652 0.31687 0.212683 0.252663 0.134884 0.829787 0.388178 0.2559 0.387897 0.157503 0.292172 0.262945 0.918755
0.552578 0.85546 0.558851 0.243331 0.738973 0.540073 0.147832 0.340784 0.652803 0.731139 0.75853 0.750509 0.987595 0.433959 0.0910002 0.036507 0.788378 0.162177 0.36215 0.265025 0.0566935 0.58119 0.675537 0.887508 0.674281 0.867938 0.502412 0.369989 0.709066 0.833458 0.996115 0.441284 0.942759 0.799659 0.961907 0.279681 0.545848 0.237 0.527606 0.699256 0.104977 0.583806 0.617152 0.084755 0.232524 0.233422 0.331852 0.0334017 0.27152 0.503993
0.108837 0.859594 0.806855 0.744019 0.131603 0.0865292 0.940779 0.837061 0.11835 0.706718 0.149877 0.73712 0.230592 0.203764 0.664723 0.403718 0.147577 0.291378 0.338819 0.777011 0.700367 0.552013 0.688246 0.671079 0.223742 0.925928 0.691125 0.279532 0.814089 0.529208 0.194171 0.902858 0.603617 0.279492 0.0105795 0.829921 0.0877922 0.948631 0.507635 0.77872 0.518866 0.978627 0.190591 0.657438 0.391679 0.496958 0.209296 0.449624 0.338655 0.742393
0.173895 0.891055 0.3164 0.907143 0.198513 0.0717324 0.258871 0.73224 0.718461 0.246119 0.543884 0.141021 0.63688 0.578668 0.544024 0.229204 0.218218 0.112133 0.14878 0.160681 0.696313 0.973346 0.243085 0.827822 0.186529 0.97226 0.263029 0.649652 0.0328681 0.91727 0.832973 0.691982 0.947698 0.558181 0.526775 0.563582 0.390295 0.262249 0.0134033 0.319927 0.554211 0.589236 0.952851 0.698127 0.627265 0.757678 0.335721 0.244059 0.969898 0.615489
0.0123294 0.882344 0.784003 0.525823 0.204764 0.0278095 0.302608 0.123903 0.693994 0.0765038 0.950249 0.366946 0.542803 0.271178 0.760969 0.905914 0.876001 0.831033 0.966137 0.478715 0.590525 0.678465 0.117207 0.322377 0.974236 0.608154 0.906246 0.413636 0.0199068 0.317743 0.766583 0.70942 0.477056 0.184513 0.860944 0.607435 0.847381 0.941366 0.00702486 0.691133 0.530215 0.881116 0.502235 0.126062 0.419078 0.797001 0.850122 0.607028 0.302327 0.141123
0.583648 0.799857 0.577326 0.994992 0.242672 0.697424 0.0851632 0.449758 0.953639 0.823705 0.826352 0.22929 0.307783 0.237414 0.811132 0.61759 0.938165 0.655492 0.736493 0.572099 0.969168 0.707326 0.214336 0.988616 0.230063 0.575134 0.500476 0.0422098 0.477481 0.504632 0.0828148 0.499927 0.347095 0.821472 0.230425 0.745936 0.75049 0.999712 0.32967 0.629339 0.311064 0.282401 0.445043 0.0853742 0.501037 0.348649 0.0299054 0.395457 0.517951 0.877179
